mapX,mapY,sourceX,sourceY,enable,dX,dY,residual
552108.93035381124354899,8561778.39036769047379494,552110.25729495228733867,8561780.20997633039951324,1,-0.83410533799985842,1.32354567962943293,1.56445034467240141
552076.33187605731654912,8561866.3355165459215641,552077.52612381672952324,8561867.88249211013317108,1,-0.15694992669102703,0.29077248792259525,0.33042687424150985
552867.29120620829053223,8561654.39194404520094395,552868.2644913251278922,8561655.83596214652061462,1,0.61572969101234776,-1.02024408766692432,1.19164636147368652
552759.03267334948759526,8561845.91931119747459888,552760.19321766577195376,8561847.45416009612381458,1,-0.27510721074577305,0.15343959645838368,0.31500426531339354
553067.70645092683844268,8561614.879758695140481,553068.82147082081064582,8561616.70938485860824585,1,-0.17710102962519159,0.75935690667893141,0.77973565162515068
552370.8327587831299752,8561744.13852235302329063,552372.0327287073014304,8561745.65999606251716614,1,-0.30922530777593238,-0.29580625299513486,0.42792713197475785
552233.05216241884045303,8561814.78912188857793808,552234.18769716157112271,8561816.26823739148676395,1,0.07080637369085707,-0.2421772216307545,0.25231597102054576
552106.0143397165229544,8561941.79404176957905293,552107.11504337622318417,8561943.10429811850190163,1,0.29830654082525143,-0.6093411176260588,0.67844188397305027
552287.9094040400814265,8561946.22769798152148724,552288.87026813928969204,8561947.64762422069907188,1,0.9211243569106955,-0.04433531464371754,0.92219070751049093
553508.1766225176397711,8561567.12404433637857437,553509.24992606439627707,8561568.77463863231241703,1,-0.15347816179018992,-0.31521101307998833,0.35059025787007869
